IndID	NeophiliaScore	MotherID	FosterID	PeerGroupID	Animal	TrialBunch	YearTrial	ObjectType
4123	6.773625322	1615	181	4001	4123	4123.1	2005	2
4123	6.237734631	1615	181	4001	4123	4123.1	2005	1
4124	7.933095235	1666	181	4001	4124	4124.1	2005	2
4124	6.251506485	1666	181	4001	4124	4124.1	2005	1
4125	4.472135955	2146	181	4007	4125	4125.1	2005	1
4125	5.82929384	2146	181	4007	4125	4125.1	2005	2
4126	6.36210133	1615	190	4007	4126	4126.1	2005	1
4126	5.745781061	1615	190	4007	4126	4126.1	2005	2
4128	4.645212589	1666	161	4002	4128	4128.1	2005	2
4128	5.981582845	1666	161	4002	4128	4128.1	2005	1
4129	6.183230008	2146	106	4007	4129	4129.1	2005	2
4129	6.242355325	2146	106	4007	4129	4129.1	2005	1
4132	6.32455532	1654	125	4002	4132	4132.1	2005	1
4132	5.524943439	1654	125	4002	4132	4132.1	2005	2
4133	6.337559993	2245	190	4007	4133	4133.1	2005	1
4133	6.14741138	2245	190	4007	4133	4133.1	2005	2
4133	4.600217386	2245	190	4007	4133	4133.2	2007	2
4133	5.209414554	2245	190	4007	4133	4133.2	2007	1
4134	4.92341345	2245	190	4007	4134	4134.1	2005	1
4134	5.477225575	2245	190	4007	4134	4134.1	2005	2
4135	6.251506485	2245	190	4007	4135	4135.1	2005	1
4135	6.32455532	2245	190	4007	4135	4135.1	2005	2
4136	6.145404787	2269	125	4007	4136	4136.1	2005	1
4136	6.259659202	2269	125	4007	4136	4136.1	2005	2
4136	4.668761434	2269	125	4007	4136	4136.2	2007	2
4136	4.472135955	2269	125	4007	4136	4136.2	2007	1
4137	6.294309599	1457	125	4007	4137	4137.1	2005	1
4137	5.849216471	1457	125	4007	4137	4137.1	2005	2
4138	6.508968172	1571	158	4007	4138	4138.1	2005	1
4138	7.020375109	1571	158	4007	4138	4138.1	2005	2
4138	6.525462947	1571	158	4007	4138	4138.2	2007	2
4138	5.684305879	1571	158	4007	4138	4138.2	2007	1
4139	7.386451561	1672	166	4007	4139	4139.1	2005	1
4139	6.438478081	1672	166	4007	4139	4139.1	2005	2
4140	5.879625838	1672	166	4007	4140	4140.1	2005	1
4140	6.255291094	1672	166	4007	4140	4140.1	2005	2
4141	4.609699918	2263	102	4007	4141	4141.2	2007	2
4141	4.472135955	2263	102	4007	4141	4141.1	2005	2
4141	4.806245936	2263	102	4007	4141	4141.1	2005	1
4141	5.891179848	2263	102	4007	4141	4141.2	2007	1
4142	4.472135955	2071	122	4001	4142	4142.2	2007	1
4142	6.32455532	2071	122	4001	4142	4142.1	2005	2
4142	6.32455532	2071	122	4001	4142	4142.1	2005	1
4142	6.866537215	2071	122	4001	4142	4142.2	2007	2
4143	4.472135955	2071	187	4001	4143	4143.1	2005	2
4143	5.263902228	2071	187	4001	4143	4143.1	2005	1
4147	5.477225575	2143	106	4007	4147	4147.1	2005	2
4147	4.472135955	2143	106	4007	4147	4147.1	2005	1
4147	4.950286187	2143	106	4007	4147	4147.2	2007	2
4147	6.537991536	2143	106	4007	4147	4147.2	2007	1
4148	4.728918129	1489	132	4001	4148	4148.1	2005	1
4148	5.197371131	1489	132	4001	4148	4148.1	2005	2
4149	6.340452139	1489	132	4007	4149	4149.1	2005	1
4149	7.291456187	1489	132	4007	4149	4149.1	2005	2
4150	6.057722344	1437	144	4007	4150	4150.1	2005	1
4150	6.794556645	1437	144	4007	4150	4150.1	2005	2
4150	6.319757379	1437	144	4007	4150	4150.2	2007	2
4150	5.401851534	1437	144	4007	4150	4150.2	2007	1
4151	5.444569159	1654	151	4007	4151	4151.2	2007	1
4151	4.895440055	1654	151	4007	4151	4151.1	2005	2
4151	6.557794345	1654	151	4007	4151	4151.2	2007	2
4151	4.907409364	1654	151	4007	4151	4151.1	2005	1
4152	5.932228361	2245	173	4007	4152	4152.1	2005	2
4152	7.745966692	2245	173	4007	4152	4152.1	2005	1
4154	6.32455532	1654	142	4001	4154	4154.1	2005	1
4154	6.436976516	1654	142	4001	4154	4154.1	2005	2
4155	6.199059068	1666	142	4001	4155	4155.1	2005	1
4155	6.132862301	1666	142	4001	4155	4155.1	2005	2
4156	4.58541165	2071	102	4002	4156	4156.2	2007	2
4156	4.472135955	2071	102	4002	4156	4156.1	2005	2
4156	4.472135955	2071	102	4002	4156	4156.1	2005	1
4156	4.473775438	2071	102	4002	4156	4156.2	2007	1
4157	6.102130775	2263	102	4007	4157	4157.1	2005	2
4157	4.472135955	2263	102	4007	4157	4157.1	2005	1
4158	6.245638478	2263	143	4007	4158	4158.1	2005	1
4158	4.593691326	2263	143	4007	4158	4158.1	2005	2
4158	4.472135955	2263	143	4007	4158	4158.2	2007	2
4158	4.472135955	2263	143	4007	4158	4158.2	2007	1
4159	4.472135955	1439	143	4007	4159	4159.1	2005	2
4159	6.468230052	1439	143	4007	4159	4159.1	2005	1
4160	5.199102487	1439	172	4001	4160	4160.1	2005	1
4160	5.360721344	1439	172	4001	4160	4160.1	2005	2
4161	6.346232478	1439	172	4001	4161	4161.1	2005	1
4161	5.880476171	1439	172	4001	4161	4161.1	2005	2
4162	7.54868642	1447	106	4002	4162	4162.1	2005	1
4162	4.472135955	1447	106	4002	4162	4162.1	2005	2
4163	6.890113691	1571	116	4007	4163	4163.1	2005	1
4163	6.609286396	1571	116	4007	4163	4163.1	2005	2
4164	8.858574001	1544	125	4007	4164	4164.2	2007	2
4164	4.472135955	1544	125	4007	4164	4164.1	2005	2
4164	6.308248568	1544	125	4007	4164	4164.2	2007	1
4164	4.640114941	1544	125	4007	4164	4164.1	2005	1
4165	5.056217295	2143	132	4007	4165	4165.1	2005	2
4165	4.589553355	2143	132	4007	4165	4165.1	2005	1
4166	7.604143607	1437	151	4002	4166	4166.1	2005	1
4166	5.826205169	1437	151	4002	4166	4166.1	2005	2
4167	5.76992201	2239	157	4007	4167	4167.1	2005	2
4167	6.401640415	2239	157	4007	4167	4167.1	2005	1
4168	4.57704417	1604	102	4007	4168	4168.1	2005	1
4168	5.702221789	1604	102	4007	4168	4168.2	2007	2
4168	6.300423266	1604	102	4007	4168	4168.2	2007	1
4168	4.841693918	1604	102	4007	4168	4168.1	2005	2
4169	4.485606611	1456	122	4007	4169	4169.1	2005	2
4169	6.32455532	1456	122	4007	4169	4169.1	2005	1
4170	6.120511961	1604	128	4007	4170	4170.1	2005	2
4170	5.314696605	1604	128	4007	4170	4170.1	2005	1
4171	4.472135955	2241	187	4001	4171	4171.1	2005	2
4171	5.994330655	2241	187	4001	4171	4171.1	2005	1
4172	4.666761904	2071	189	4007	4172	4172.1	2005	1
4172	4.777377244	2071	189	4007	4172	4172.1	2005	2
4173	4.472135955	1542	116	4002	4173	4173.1	2005	2
4173	6.315272494	1542	116	4002	4173	4173.1	2005	1
4174	6.381901493	1571	129	4001	4174	4174.1	2005	1
4174	7.761593479	1571	129	4001	4174	4174.1	2005	2
4175	5.292604904	1457	129	4001	4175	4175.1	2005	1
4175	5.53272085	1457	129	4001	4175	4175.2	2007	1
4175	5.355340014	1457	129	4001	4175	4175.2	2007	2
4175	6.219217529	1457	129	4001	4175	4175.1	2005	2
4176	4.801458112	1544	157	4007	4176	4176.1	2005	2
4176	5.91551632	1544	157	4007	4176	4176.1	2005	1
4179	6.36309673	2245	173	4007	4179	4179.1	2005	2
4179	6.421500344	2245	173	4007	4179	4179.1	2005	1
4179	4.946109582	2245	173	4007	4179	4179.2	2007	2
4179	4.667404704	2245	173	4007	4179	4179.2	2007	1
4180	5.97528242	2263	189	4007	4180	4180.2	2007	2
4180	5.99082632	2263	189	4007	4180	4180.1	2005	1
4180	4.695671766	2263	189	4007	4180	4180.1	2005	2
4180	5.837693609	2263	189	4007	4180	4180.2	2007	1
4181	7.956758134	1432	116	4001	4181	4181.1	2005	1
4181	6.276092202	1432	116	4001	4181	4181.1	2005	2
4182	4.671188286	1489	120	4007	4182	4182.1	2005	2
4182	4.928488612	1489	120	4007	4182	4182.1	2005	1
4183	5.701929498	2143	125	4007	4183	4183.1	2005	1
4183	4.494218508	2143	125	4007	4183	4183.1	2005	2
4184	6.369824697	1457	144	4007	4184	4184.1	2005	2
4184	6.288561044	1457	144	4007	4184	4184.1	2005	1
4185	6.340346994	1457	144	4007	4185	4185.1	2005	1
4185	6.32455532	1457	144	4007	4185	4185.1	2005	2
4186	6.016366567	1489	152	4007	4186	4186.1	2005	2
4186	6.207629714	1489	152	4007	4186	4186.1	2005	1
4187	5.952954449	2184	157	4001	4187	4187.1	2005	1
4187	6.162304764	2184	157	4001	4187	4187.1	2005	2
4188	4.472135955	1527	157	4007	4188	4188.1	2005	2
4188	5.400123455	1527	157	4007	4188	4188.1	2005	1
4188	5.38702144	1527	157	4007	4188	4188.2	2007	2
4188	5.935177616	1527	157	4007	4188	4188.2	2007	1
4189	6.025943909	1425	158	4002	4189	4189.1	2005	2
4189	5.538050198	1425	158	4002	4189	4189.1	2005	1
4190	7.745235095	1672	173	4001	4190	4190.1	2005	1
4190	5.061422725	1672	173	4001	4190	4190.1	2005	2
4191	6.10628092	1604	128	4002	4191	4191.2	2007	2
4191	6.339821238	1604	128	4002	4191	4191.1	2005	2
4191	5.370723105	1604	128	4002	4191	4191.2	2007	1
4191	4.55675323	1604	128	4002	4191	4191.1	2005	1
4195	6.044115595	1544	120	4001	4195	4195.1	2005	2
4195	5.549714707	1544	120	4001	4195	4195.1	2005	1
4196	5.239720095	1457	129	4007	4196	4196.1	2005	2
4196	6.32455532	1457	129	4007	4196	4196.2	2007	1
4196	5.402437721	1457	129	4007	4196	4196.1	2005	1
4196	4.472135955	1457	129	4007	4196	4196.2	2007	2
4197	6.318438626	1425	151	4007	4197	4197.1	2005	2
4197	6.071737807	1425	151	4007	4197	4197.1	2005	1
4201	5.336040979	1457	152	4007	4201	4201.1	2005	2
4201	5.095619033	1457	152	4007	4201	4201.1	2005	1
4202	5.612396992	1669	173	4001	4202	4202.1	2005	1
4202	5.582830823	1669	173	4001	4202	4202.1	2005	2
4203	4.796873982	2120	148	4002	4203	4203.2	2007	2
4203	4.48605246	2120	148	4002	4203	4203.1	2005	1
4203	6.32455532	2120	148	4002	4203	4203.2	2007	1
4203	4.517300079	2120	148	4002	4203	4203.1	2005	2
4204	6.313926407	1604	155	4007	4204	4204.1	2005	1
4204	7.401306191	1604	155	4007	4204	4204.1	2005	2
4205	7.957931055	1425	155	4002	4205	4205.1	2005	1
4205	7.081172219	1425	155	4002	4205	4205.1	2005	2
4206	4.472135955	2071	180	4007	4206	4206.2	2007	2
4206	6.32455532	2071	180	4007	4206	4206.2	2007	1
4206	4.472135955	2071	180	4007	4206	4206.1	2005	1
4206	4.472135955	2071	180	4007	4206	4206.1	2005	2
4209	6.626663313	1432	120	4002	4209	4209.1	2005	2
4209	5.742183093	1432	120	4002	4209	4209.2	2007	2
4209	5.065175219	1432	120	4002	4209	4209.1	2005	1
4209	5.31714209	1432	120	4002	4209	4209.2	2007	1
4210	4.988854244	1527	158	4007	4210	4210.1	2005	1
4210	4.472135955	1527	158	4007	4210	4210.1	2005	2
4211	6.095790898	1425	167	4007	4211	4211.1	2005	2
4211	6.363227693	1425	167	4007	4211	4211.1	2005	1
4212	4.510949642	2271	109	4007	4212	4212.1	2005	2
4212	4.642018239	2271	109	4007	4212	4212.1	2005	1
4212	5.994831107	2271	109	4007	4212	4212.2	2007	2
4212	6.136557124	2271	109	4007	4212	4212.2	2007	1
4213	6.35743659	2058	155	4001	4213	4213.1	2005	2
4213	6.577841591	2058	155	4001	4213	4213.1	2005	1
4217	5.109533573	2058	175	4002	4217	4217.1	2005	2
4217	4.472135955	2058	175	4002	4217	4217.1	2005	1
4220	4.675111407	1544	129	4001	4220	4220.1	2005	1
4220	4.472135955	1544	129	4001	4220	4220.2	2007	1
4220	4.472135955	1544	129	4001	4220	4220.1	2005	2
4220	4.472135955	1544	129	4001	4220	4220.2	2007	2
4221	4.549285658	2120	128	4007	4221	4221.1	2005	1
4221	5.183370846	2120	128	4007	4221	4221.1	2005	2
4223	7.042466424	2120	189	4002	4223	4223.1	2005	2
4223	6.396170729	2120	189	4002	4223	4223.1	2005	1
4224	4.600434762	2248	154	4001	4224	4224.1	2005	2
4224	4.472135955	2248	154	4001	4224	4224.1	2005	1
4225	6.32455532	2248	154	4002	4225	4225.1	2005	1
4225	5.119244736	2248	154	4002	4225	4225.1	2005	2
4227	6.96127383	1432	154	4001	4227	4227.2	2007	2
4227	7.355315538	1432	154	4001	4227	4227.1	2005	1
4227	5.429364604	1432	154	4001	4227	4227.2	2007	1
4227	5.524671936	1432	154	4001	4227	4227.1	2005	2
4228	6.315008577	2222	109	4001	4228	4228.1	2005	1
4228	6.316750219	2222	109	4001	4228	4228.1	2005	2
4228	4.884874615	2222	109	4001	4228	4228.2	2007	1
4228	5.704267409	2222	109	4001	4228	4228.2	2007	2
4229	6.924617919	2271	175	4001	4229	4229.2	2007	1
4229	6.035671738	2271	175	4001	4229	4229.1	2005	1
4229	4.693399621	2271	175	4001	4229	4229.2	2007	2
4229	5.917966993	2271	175	4001	4229	4229.1	2005	2
4230	4.472135955	2222	175	4002	4230	4230.1	2005	2
4230	5.756387756	2222	175	4002	4230	4230.1	2005	1
4231	5.734747887	2120	180	4001	4231	4231.2	2007	1
4231	6.196558184	2120	180	4001	4231	4231.1	2005	1
4231	4.603187301	2120	180	4001	4231	4231.2	2007	2
4231	6.337928158	2120	180	4001	4231	4231.1	2005	2
4233	8.931778472	2271	175	4002	4233	4233.1	2005	1
4233	4.472135955	2271	175	4002	4233	4233.2	2007	1
4233	6.801519438	2271	175	4002	4233	4233.1	2005	2
4233	6.320021097	2271	175	4002	4233	4233.2	2007	2
4239	7.211518564	1572	163	4007	4239	4239.1	2005	1
4239	6.894683943	1572	163	4007	4239	4239.2	2007	1
4239	5.361343115	1572	163	4007	4239	4239.2	2007	2
4239	6.378505572	1572	163	4007	4239	4239.1	2005	2
4240	6.432366076	2248	163	4001	4240	4240.1	2005	1
4240	4.675040107	2248	163	4001	4240	4240.1	2005	2
4241	6.32455532	2244	163	4001	4241	4241.1	2005	1
4241	7.231067233	2244	163	4001	4241	4241.1	2005	2
4242	6.32455532	1572	167	4001	4242	4242.1	2005	1
4242	6.833544712	1572	167	4001	4242	4242.1	2005	2
4244	4.576024475	1427	138	4007	4244	4244.1	2005	1
4244	5.823572787	1427	138	4007	4244	4244.1	2005	2
4245	5.875599261	1442	139	4007	4245	4245.1	2005	2
4245	5.635630695	1442	139	4007	4245	4245.1	2005	1
4248	6.006884939	2111	103	4007	4248	4248.1	2005	1
4248	5.210182338	2111	103	4007	4248	4248.1	2005	2
4249	6.081556818	1427	165	4001	4249	4249.2	2007	1
4249	4.472135955	1427	165	4001	4249	4249.1	2005	1
4249	5.862479567	1427	165	4001	4249	4249.1	2005	2
4249	6.291740618	1427	165	4001	4249	4249.2	2007	2
4254	6.224253636	1572	163	4001	4254	4254.1	2005	1
4254	4.472135955	1572	163	4001	4254	4254.1	2005	2
4255	5.891802214	1652	101	4007	4255	4255.1	2005	2
4255	5.736433271	1652	101	4007	4255	4255.1	2005	1
4257	6.198467553	1442	103	4007	4257	4257.1	2005	2
4257	5.899095976	1442	103	4007	4257	4257.1	2005	1
4258	4.65560594	2111	136	4001	4258	4258.1	2005	1
4258	4.722287581	2111	136	4001	4258	4258.1	2005	2
4259	6.18395774	1502	136	4001	4259	4259.1	2005	1
4259	7.071067812	1502	136	4001	4259	4259.1	2005	2
4260	6.333771915	1523	139	4007	4260	4260.1	2005	2
4260	6.206233425	1523	139	4007	4260	4260.1	2005	1
4260	6.336613186	1523	139	4007	4260	4260.2	2007	1
4260	6.32455532	1523	139	4007	4260	4260.2	2007	2
4261	6.316169725	1503	139	4007	4261	4261.1	2005	1
4261	7.071067812	1503	139	4007	4261	4261.1	2005	2
4262	7.067625721	2137	136	4001	4262	4262.1	2005	1
4262	6.318702398	2137	136	4001	4262	4262.1	2005	2
4263	6.992853495	2244	165	4001	4263	4263.1	2005	1
4263	7.158770844	2244	165	4001	4263	4263.1	2005	2
4263	6.322578588	2244	165	4001	4263	4263.2	2007	1
4263	5.388877434	2244	165	4001	4263	4263.2	2007	2
4272	6.388844444	2137	108	4001	4272	4272.1	2005	1
4272	6.981976797	2137	108	4001	4272	4272.2	2007	1
4272	6.370975854	2137	108	4001	4272	4272.1	2005	2
4272	6.32455532	2137	108	4001	4272	4272.2	2007	2
4273	5.057667447	2244	101	4007	4273	4273.1	2005	2
4273	5.766743737	2244	101	4007	4273	4273.1	2005	1
4274	6.493997228	1509	165	4001	4274	4274.1	2005	2
4274	6.281294984	1509	165	4001	4274	4274.1	2005	1
4275	4.481889482	1654	108	4007	4275	4275.1	2005	1
4275	5.033818961	1654	108	4007	4275	4275.1	2005	2
4276	6.663932773	1654	108	4001	4276	4276.1	2005	2
4276	6.451408115	1654	108	4001	4276	4276.2	2007	1
4276	5.457471942	1654	108	4001	4276	4276.1	2005	1
4276	8.94427191	1654	108	4001	4276	4276.2	2007	2
4281	6.318174842	2137	108	4001	4281	4281.1	2005	1
4281	6.612589004	2137	108	4001	4281	4281.1	2005	2
4281	5.243662842	2137	108	4001	4281	4281.2	2007	1
4281	4.84657955	2137	108	4001	4281	4281.2	2007	2
4283	4.472135955	1457	127	4001	4283	4283.1	2005	2
4283	4.651523048	1457	127	4001	4283	4283.1	2005	1
4284	6.556828502	1457	127	4001	4284	4284.1	2005	1
4284	7.763590235	1457	127	4001	4284	4284.1	2005	2
4285	7.069134789	2244	127	4007	4285	4285.1	2005	2
4285	6.307772983	2244	127	4007	4285	4285.1	2005	1
4291	5.754737179	1571	160	4007	4291	4291.1	2005	1
4291	6.949340496	1571	160	4007	4291	4291.1	2005	2
4291	6.451046427	1571	160	4007	4291	4291.2	2007	1
4291	6.454998064	1571	160	4007	4291	4291.2	2007	2
4292	6.379028139	1571	130	4007	4292	4292.1	2005	1
4292	7.194071634	1571	130	4007	4292	4292.2	2007	2
4292	4.608036458	1571	130	4007	4292	4292.2	2007	1
4292	6.783165436	1571	130	4007	4292	4292.1	2005	2
4293	6.417631962	1571	130	4007	4293	4293.1	2005	1
4293	7.427157375	1571	130	4007	4293	4293.1	2005	2
4293	7.390354073	1571	130	4007	4293	4293.2	2007	2
4293	7.200092592	1571	130	4007	4293	4293.2	2007	1
4294	6.808964679	1457	160	4007	4294	4294.1	2005	1
4294	6.073521768	1457	160	4007	4294	4294.1	2005	2
4297	4.472135955	2269	127	4007	4297	4297.2	2007	2
4297	4.472135955	2269	127	4007	4297	4297.2	2007	1
4297	5.037724354	2269	127	4007	4297	4297.1	2005	2
4297	4.472135955	2269	127	4007	4297	4297.1	2005	1
4301	6.32455532	1457	127	4007	4301	4301.1	2005	2
4301	7.029272129	1457	127	4007	4301	4301.1	2005	1
4302	6.188537792	2267	127	4001	4302	4302.1	2005	2
4302	5.981554982	2267	127	4001	4302	4302.2	2007	2
4302	6.313926407	2267	127	4001	4302	4302.2	2007	1
4302	6.350984176	2267	127	4001	4302	4302.1	2005	1
4303	4.472135955	1544	160	4007	4303	4303.1	2005	1
4303	5.557097563	1544	160	4007	4303	4303.2	2007	1
4303	4.472135955	1544	160	4007	4303	4303.1	2005	2
4303	4.472135955	1544	160	4007	4303	4303.2	2007	2
4304	6.376780797	1425	160	4007	4304	4304.1	2005	1
4304	6.005330965	1425	160	4007	4304	4304.2	2007	1
4304	6.472042439	1425	160	4007	4304	4304.2	2007	2
4304	6.850012166	1425	160	4007	4304	4304.1	2005	2
4305	7.731666487	1425	169	4007	4305	4305.1	2005	1
4305	7.466882437	1425	169	4007	4305	4305.1	2005	2
4306	7.714229276	1613	169	4001	4306	4306.1	2005	1
4306	7.328642439	1613	169	4001	4306	4306.1	2005	2
4307	4.984174957	2267	130	4007	4307	4307.1	2005	1
4307	6.810188446	2267	130	4007	4307	4307.1	2005	2
4312	5.771192829	1544	161	4007	4312	4312.1	2005	2
4312	6.32455532	1544	161	4007	4312	4312.1	2005	1
4313	5.38008674	2253	161	4007	4313	4313.1	2005	2
4313	5.041758952	2253	161	4007	4313	4313.1	2005	1
4314	6.436096125	1456	161	4007	4314	4314.1	2005	2
4314	7.747838408	1456	161	4007	4314	4314.1	2005	1
4315	7.061208584	2253	169	4007	4315	4315.1	2005	2
4315	6.347125334	2253	169	4007	4315	4315.1	2005	1
4315	7.028418504	2253	169	4007	4315	4315.2	2007	2
4315	6.895505783	2253	169	4007	4315	4315.2	2007	1
4316	5.080157478	2253	169	4007	4316	4316.1	2005	1
4316	4.472135955	2253	169	4007	4316	4316.1	2005	2
4316	4.694500328	2253	169	4007	4316	4316.2	2007	2
4316	4.524231058	2253	169	4007	4316	4316.2	2007	1
4319	5.004398066	1425	169	4007	4319	4319.1	2005	2
4319	6.32455532	1425	169	4007	4319	4319.1	2005	1
4319	6.546347582	1425	169	4007	4319	4319.2	2007	1
4319	6.152452086	1425	169	4007	4319	4319.2	2007	2
4324	4.503184059	1456	168	4001	4324	4324.1	2005	1
4324	4.472135955	1456	168	4001	4324	4324.1	2005	2
4325	4.562966871	1456	168	4001	4325	4325.1	2005	2
4325	4.556460614	1456	168	4001	4325	4325.2	2007	1
4325	4.93315315	1456	168	4001	4325	4325.1	2005	1
4325	4.766759906	1456	168	4001	4325	4325.2	2007	2
4334	7.517135979	2144	122	4008	4334	4334.2	2007	1
4334	7.092672275	2144	122	4008	4334	4334.2	2007	2
4334	5.012251657	2144	122	4008	4334	4334.1	2005	1
4334	5.888633118	2144	122	4008	4334	4334.1	2005	2
4335	5.291030145	2244	122	4003	4335	4335.1	2005	2
4335	6.256117007	2244	122	4003	4335	4335.1	2005	1
4336	4.715647711	1439	102	4008	4336	4336.1	2005	1
4336	4.486869733	1439	102	4008	4336	4336.1	2005	2
4337	4.472135955	2269	102	4008	4337	4337.1	2005	1
4337	7.491995729	2269	102	4008	4337	4337.1	2005	2
4338	6.245318246	2144	129	4008	4338	4338.1	2005	1
4338	7.09210829	2144	129	4008	4338	4338.1	2005	2
4339	4.472135955	1544	181	4003	4339	4339.1	2005	2
4339	5.90756577	1544	181	4003	4339	4339.1	2005	1
4345	5.188320217	1572	143	4003	4345	4345.2	2007	1
4345	6.837835915	1572	143	4003	4345	4345.2	2007	2
4345	7.026283987	1572	143	4003	4345	4345.1	2005	2
4345	4.809365863	1572	143	4003	4345	4345.1	2005	1
4346	6.34449893	1544	143	4008	4346	4346.1	2005	2
4346	6.254758189	1544	143	4008	4346	4346.1	2005	1
4346	5.26459875	1544	143	4008	4346	4346.2	2007	2
4346	6.0669597	1544	143	4008	4346	4346.2	2007	1
4347	6.32455532	1544	190	4003	4347	4347.2	2007	1
4347	4.523788973	1544	190	4003	4347	4347.1	2005	1
4347	4.980963762	1544	190	4003	4347	4347.2	2007	2
4347	5.798735494	1544	190	4003	4347	4347.1	2005	2
4348	6.107590906	2244	129	4008	4348	4348.1	2005	1
4348	5.183242229	2244	129	4008	4348	4348.2	2007	2
4348	5.188641441	2244	129	4008	4348	4348.2	2007	1
4348	4.811791073	2244	129	4008	4348	4348.1	2005	2
4349	6.95332055	1654	106	4008	4349	4349.1	2005	2
4349	6.387070273	1654	106	4008	4349	4349.1	2005	1
4350	6.110210035	2267	106	4008	4350	4350.2	2007	2
4350	5.150598671	2267	106	4008	4350	4350.1	2005	1
4350	4.518480571	2267	106	4008	4350	4350.2	2007	1
4350	4.991592932	2267	106	4008	4350	4350.1	2005	2
4356	6.271336912	2146	106	4008	4356	4356.1	2005	1
4356	4.780446284	2146	106	4008	4356	4356.1	2005	2
4357	7.044737989	1425	106	4003	4357	4357.1	2005	1
4357	6.410954167	1425	106	4003	4357	4357.1	2005	2
4358	5.658386106	2146	181	4003	4358	4358.2	2007	1
4358	6.32455532	2146	181	4003	4358	4358.1	2005	2
4358	5.57775343	2146	181	4003	4358	4358.1	2005	1
4358	5.23507402	2146	181	4003	4358	4358.2	2007	2
4359	5.710166372	2267	181	4003	4359	4359.1	2005	2
4359	5.267637041	2267	181	4003	4359	4359.2	2007	2
4359	5.853232725	2267	181	4003	4359	4359.1	2005	1
4359	5.808011708	2267	181	4003	4359	4359.2	2007	1
4360	8.340523565	1425	181	4003	4360	4360.1	2005	1
4360	8.511443278	1425	181	4003	4360	4360.1	2005	2
4361	7.61410971	1654	190	4003	4361	4361.1	2005	2
4361	7.293924412	1654	190	4003	4361	4361.1	2005	1
4361	7.745966692	1654	190	4003	4361	4361.2	2007	1
4361	6.636314238	1654	190	4003	4361	4361.2	2007	2
4362	5.737421023	2267	129	4003	4362	4362.1	2005	1
4362	6.852298884	2267	129	4003	4362	4362.2	2007	2
4362	6.899710139	2267	129	4003	4362	4362.1	2005	2
4362	6.061682935	2267	129	4003	4362	4362.2	2007	1
4364	5.616760632	1544	106	4008	4364	4364.1	2005	1
4364	4.472135955	1544	106	4008	4364	4364.1	2005	2
4365	6.14312624	1544	143	4008	4365	4365.1	2005	1
4365	5.423283138	1544	143	4008	4365	4365.1	2005	2
4366	7.631688324	2244	190	4003	4366	4366.1	2005	2
4366	5.248491847	2244	190	4003	4366	4366.1	2005	1
4367	6.223021774	1544	125	4003	4367	4367.1	2005	1
4367	6.206394552	1544	125	4003	4367	4367.1	2005	2
4368	5.521171373	1654	125	4003	4368	4368.1	2005	2
4368	6.106608442	1654	125	4003	4368	4368.2	2007	2
4368	5.145159538	1654	125	4003	4368	4368.2	2007	1
4368	4.472135955	1654	125	4003	4368	4368.1	2005	1
4370	4.472135955	1654	181	4008	4370	4370.1	2005	1
4370	5.719906759	1654	181	4008	4370	4370.1	2005	2
4371	7.67793375	2267	190	4008	4371	4371.1	2005	1
4371	7.190781135	2267	190	4008	4371	4371.1	2005	2
4372	7.210778968	2143	190	4003	4372	4372.1	2005	2
4372	6.443032413	2143	190	4003	4372	4372.1	2005	1
4373	4.487315456	2143	163	4004	4373	4373.1	2005	2
4373	4.472135955	2143	163	4004	4373	4373.1	2005	1
4376	6.32455532	1425	172	4004	4376	4376.1	2005	2
4376	4.6358027	1425	172	4004	4376	4376.1	2005	1
4377	6.186867813	1654	172	4009	4377	4377.2	2007	2
4377	5.765761008	1654	172	4009	4377	4377.2	2007	1
4377	6.23527599	1654	172	4009	4377	4377.1	2005	1
4377	6.785081675	1654	172	4009	4377	4377.1	2005	2
4378	6.549605586	1654	187	4009	4378	4378.1	2005	2
4378	4.595287441	1654	187	4009	4378	4378.1	2005	1
4379	4.472135955	2071	125	4009	4379	4379.1	2005	2
4379	4.472135955	2071	125	4009	4379	4379.1	2005	1
4380	4.472135955	1613	152	4009	4380	4380.2	2007	2
4380	6.293117934	1613	152	4009	4380	4380.2	2007	1
4380	6.038101247	1613	152	4009	4380	4380.1	2005	1
4380	4.472135955	1613	152	4009	4380	4380.1	2005	2
4381	6.121846127	1425	142	4004	4381	4381.1	2005	1
4381	7.421545212	1425	142	4004	4381	4381.1	2005	2
4382	4.626301619	1613	189	4009	4382	4382.1	2005	2
4382	5.607316649	1613	189	4009	4382	4382.1	2005	1
4382	5.146584628	1613	189	4009	4382	4382.2	2007	2
4382	4.537032805	1613	189	4009	4382	4382.2	2007	1
4383	6.500461522	1652	163	4004	4383	4383.1	2005	2
4383	6.515622252	1652	163	4004	4383	4383.1	2005	1
4384	6.332982447	1437	106	4008	4384	4384.1	2005	2
4384	6.285963198	1437	106	4008	4384	4384.1	2005	1
4385	5.493936051	1652	132	4004	4385	4385.2	2007	1
4385	6.081666439	1652	132	4004	4385	4385.1	2005	2
4385	6.13688303	1652	132	4004	4385	4385.2	2007	2
4385	6.296454028	1652	132	4004	4385	4385.1	2005	1
4387	6.230355795	2071	152	4009	4387	4387.1	2005	2
4387	4.472135955	2071	152	4009	4387	4387.1	2005	1
4388	6.384251457	1652	155	4004	4388	4388.1	2005	2
4388	6.348280607	1652	155	4004	4388	4388.1	2005	1
4389	5.642517169	1613	155	4009	4389	4389.1	2005	2
4389	6.321550443	1613	155	4009	4389	4389.2	2007	1
4389	6.313847216	1613	155	4009	4389	4389.2	2007	2
4389	6.232923337	1613	155	4009	4389	4389.1	2005	1
4390	6.32455532	1437	189	4009	4390	4390.1	2005	2
4390	6.545736526	1437	189	4009	4390	4390.1	2005	1
4391	5.850014245	1503	125	4009	4391	4391.2	2007	2
4391	5.655970297	1503	125	4009	4391	4391.1	2005	2
4391	5.241628246	1503	125	4009	4391	4391.2	2007	1
4391	5.265928218	1503	125	4009	4391	4391.1	2005	1
4395	5.653494495	2244	125	4009	4395	4395.1	2005	1
4395	5.477225575	2244	125	4009	4395	4395.1	2005	2
4396	7.543032105	1425	166	4004	4396	4396.2	2007	1
4396	6.084954122	1425	166	4004	4396	4396.1	2005	1
4396	4.472135955	1425	166	4004	4396	4396.1	2005	2
4396	5.531124057	1425	166	4004	4396	4396.2	2007	2
4397	4.583593932	2071	142	4009	4397	4397.1	2005	2
4397	6.497076266	2071	142	4009	4397	4397.2	2007	2
4397	6.16046535	2071	142	4009	4397	4397.2	2007	1
4397	6.221521786	2071	142	4009	4397	4397.1	2005	1
4398	7.112500733	1437	187	4009	4398	4398.2	2007	2
4398	5.831523529	1437	187	4009	4398	4398.2	2007	1
4401	4.863537807	2071	166	4009	4401	4401.1	2005	2
4401	4.472135955	2071	166	4009	4401	4401.1	2005	1
4402	4.634652091	2245	172	4004	4402	4402.1	2005	2
4402	5.463332316	2245	172	4004	4402	4402.1	2005	1
4403	5.145548238	2245	155	4009	4403	4403.1	2005	2
4403	4.472135955	2245	155	4009	4403	4403.1	2005	1
4405	6.512296062	1503	163	4004	4405	4405.1	2005	1
4405	6.303596857	1503	163	4004	4405	4405.1	2005	2
4405	5.987319935	1503	163	4004	4405	4405.2	2007	2
4405	6.806075717	1503	163	4004	4405	4405.2	2007	1
4406	5.935037209	2244	166	4009	4406	4406.1	2005	2
4406	6.32455532	2244	166	4009	4406	4406.2	2007	1
4406	5.996860289	2244	166	4009	4406	4406.1	2005	1
4406	6.32455532	2244	166	4009	4406	4406.2	2007	2
4407	4.472135955	2263	152	4004	4407	4407.1	2005	2
4407	6.826028616	2263	152	4004	4407	4407.2	2007	1
4407	5.492540396	2263	152	4004	4407	4407.1	2005	1
4407	6.117461347	2263	152	4004	4407	4407.2	2007	2
4408	7.071963424	2245	152	4009	4408	4408.1	2005	2
4408	7.669984789	2245	152	4009	4408	4408.1	2005	1
4409	5.510898293	2263	172	4009	4409	4409.2	2007	2
4409	4.492586486	2263	172	4009	4409	4409.1	2005	2
4409	4.530268572	2263	172	4009	4409	4409.2	2007	1
4409	6.019302285	2263	172	4009	4409	4409.1	2005	1
4410	5.094441415	2269	187	4004	4410	4410.1	2005	1
4410	4.472135955	2269	187	4004	4410	4410.1	2005	2
4411	7.097487818	1437	172	4009	4411	4411.2	2007	2
4411	7.088112113	1437	172	4009	4411	4411.1	2005	2
4411	8.467467154	1437	172	4009	4411	4411.2	2007	1
4411	8.098436063	1437	172	4009	4411	4411.1	2005	1
4413	6.092126066	2263	189	4004	4413	4413.1	2005	1
4413	5.535100119	2263	189	4004	4413	4413.2	2007	2
4413	4.472135955	2263	189	4004	4413	4413.1	2005	2
4413	6.010379911	2263	189	4004	4413	4413.2	2007	1
4415	5.535461438	1437	120	4005	4415	4415.1	2005	2
4415	6.272532716	1437	120	4005	4415	4415.1	2005	1
4415	7.363151499	1437	120	4005	4415	4415.2	2007	2
4415	6.141118248	1437	120	4005	4415	4415.2	2007	1
4416	5.801321688	1672	173	4010	4416	4416.1	2005	2
4416	6.192199394	1672	173	4010	4416	4416.1	2005	1
4417	5.91455831	2244	187	4010	4417	4417.1	2005	1
4417	6.028211454	2244	187	4010	4417	4417.1	2005	2
4418	5.82425961	1672	187	4010	4418	4418.2	2007	2
4418	6.537073759	1672	187	4010	4418	4418.2	2007	1
4418	6.439772253	1672	187	4010	4418	4418.1	2005	1
4418	6.166360353	1672	187	4010	4418	4418.1	2005	2
4419	4.520988092	2263	132	4004	4419	4419.1	2005	2
4419	5.096403961	2263	132	4004	4419	4419.1	2005	1
4420	6.341713753	1437	152	4009	4420	4420.1	2005	2
4420	6.894611423	1437	152	4009	4420	4420.1	2005	1
4421	5.567524884	2269	166	4004	4421	4421.2	2007	1
4421	6.257315718	2269	166	4004	4421	4421.1	2005	1
4421	4.472135955	2269	166	4004	4421	4421.1	2005	2
4421	4.538134713	2269	166	4004	4421	4421.2	2007	2
4422	6.386130806	2143	155	4009	4422	4422.2	2007	2
4422	8.024898753	2143	155	4009	4422	4422.1	2005	1
4422	5.986512618	2143	155	4009	4422	4422.1	2005	2
4422	7.628433653	2143	155	4009	4422	4422.2	2007	1
4423	5.963863401	2143	158	4005	4423	4423.1	2005	1
4423	5.99827753	2143	158	4005	4423	4423.1	2005	2
4424	5.980050167	2245	148	4010	4424	4424.2	2007	1
4424	5.640803726	2245	148	4010	4424	4424.2	2007	2
4424	5.83860714	2245	148	4010	4424	4424.1	2005	1
4424	6.630962726	2245	148	4010	4424	4424.1	2005	2
4425	4.715647711	1503	152	4009	4425	4425.1	2005	2
4425	6.321655901	1503	152	4009	4425	4425.1	2005	1
4426	4.99319537	2263	166	4009	4426	4426.1	2005	2
4426	4.546060566	2263	166	4009	4426	4426.1	2005	1
4427	5.455333782	2143	128	4005	4427	4427.1	2005	1
4427	6.34996063	2143	128	4005	4427	4427.1	2005	2
4428	6.268173578	1457	154	4005	4428	4428.1	2005	2
4428	5.821740862	1457	154	4005	4428	4428.1	2005	1
4429	4.894554798	2263	154	4010	4429	4429.1	2005	1
4429	4.969976526	2263	154	4010	4429	4429.1	2005	2
4430	4.640186777	1457	154	4010	4430	4430.1	2005	2
4430	5.196088272	1457	154	4010	4430	4430.1	2005	1
4431	6.020465098	2246	116	4010	4431	4431.1	2005	2
4431	5.773098533	2246	116	4010	4431	4431.1	2005	1
4432	4.472135955	1672	148	4010	4432	4432.1	2005	2
4432	7.557424606	1672	148	4010	4432	4432.1	2005	1
4436	5.311151789	2239	120	4005	4436	4436.1	2005	2
4436	6.210582366	2239	120	4005	4436	4436.2	2007	2
4436	5.420270596	2239	120	4005	4436	4436.2	2007	1
4436	5.923737559	2239	120	4005	4436	4436.1	2005	1
4437	7.28079666	2244	120	4010	4437	4437.1	2005	1
4437	6.537634639	2244	120	4010	4437	4437.1	2005	2
4438	5.357020316	1439	173	4005	4438	4438.1	2005	2
4438	5.544486751	1439	173	4005	4438	4438.2	2007	2
4438	4.949545434	1439	173	4005	4438	4438.2	2007	1
4438	6.302803609	1439	173	4005	4438	4438.1	2005	1
4440	6.110210035	1604	154	4010	4440	4440.1	2005	1
4440	5.760381932	1604	154	4010	4440	4440.1	2005	2
4441	6.36773115	1672	116	4005	4441	4441.1	2005	2
4441	6.32455532	1672	116	4005	4441	4441.1	2005	1
4442	6.322815828	2244	128	4005	4442	4442.1	2005	1
4442	6.26530127	2244	128	4005	4442	4442.1	2005	2
4442	5.408265279	2244	128	4005	4442	4442.2	2007	2
4442	4.741448442	2244	128	4005	4442	4442.2	2007	1
4443	6.586096467	1672	128	4010	4443	4443.2	2007	1
4443	6.112664449	1672	128	4010	4443	4443.2	2007	2
4443	4.737720971	1672	128	4010	4443	4443.1	2005	1
4443	5.827435113	1672	128	4010	4443	4443.1	2005	2
4444	6.560716424	1439	173	4005	4444	4444.2	2007	2
4444	5.733963143	1439	173	4005	4444	4444.1	2005	2
4444	6.604619595	1439	173	4005	4444	4444.2	2007	1
4444	5.83569476	1439	173	4005	4444	4444.1	2005	1
4445	7.750698893	2244	148	4010	4445	4445.1	2005	2
4445	6.170737395	2244	148	4010	4445	4445.1	2005	1
4446	4.685509577	1527	120	4010	4446	4446.2	2007	1
4446	5.008193287	1527	120	4010	4446	4446.2	2007	2
4446	5.416579486	1527	120	4010	4446	4446.1	2005	1
4446	4.472135955	1527	120	4010	4446	4446.1	2005	2
4448	6.32455532	2246	173	4010	4448	4448.2	2007	2
4448	5.819106461	2246	173	4010	4448	4448.2	2007	1
4448	5.869298652	2246	173	4010	4448	4448.1	2005	1
4448	6.154104322	2246	173	4010	4448	4448.1	2005	2
4449	5.939416358	1439	116	4010	4449	4449.1	2005	1
4449	5.819507425	1439	116	4010	4449	4449.1	2005	2
4450	6.682065549	1672	154	4010	4450	4450.2	2007	1
4450	6.295395142	1672	154	4010	4450	4450.2	2007	2
4450	5.136665585	1672	154	4010	4450	4450.1	2005	1
4450	5.394997683	1672	154	4010	4450	4450.1	2005	2
4452	5.19474093	1604	116	4010	4452	4452.2	2007	2
4452	5.363394448	1604	116	4010	4452	4452.2	2007	1
4452	6.18088451	1604	116	4010	4452	4452.1	2005	1
4452	6.109555358	1604	116	4010	4452	4452.1	2005	2
4453	5.19483718	1480	103	4005	4453	4453.1	2005	2
4453	4.472135955	1480	103	4005	4453	4453.1	2005	1
4454	5.978071038	2120	138	4005	4454	4454.1	2005	2
4454	6.246599075	2120	138	4005	4454	4454.1	2005	1
4455	7.240810268	1672	138	4005	4455	4455.2	2007	2
4455	6.928443788	1672	138	4005	4455	4455.2	2007	1
4455	6.078020511	1672	138	4005	4455	4455.1	2005	2
4455	7.525024917	1672	138	4005	4455	4455.1	2005	1
4456	6.811265178	1652	175	4010	4456	4456.1	2005	1
4456	6.335613625	1652	175	4010	4456	4456.1	2005	2
4457	6.218359912	2222	158	4010	4457	4457.1	2005	1
4457	4.644566718	2222	158	4010	4457	4457.1	2005	2
4458	4.535122196	1604	123	4010	4458	4458.1	2005	1
4458	6.25912667	1604	123	4010	4458	4458.1	2005	2
4459	7.392248192	1652	123	4005	4459	4459.2	2007	2
4459	5.649837756	1652	123	4005	4459	4459.1	2005	2
4459	5.768361986	1652	123	4005	4459	4459.2	2007	1
4459	7.164356217	1652	123	4005	4459	4459.1	2005	1
4460	4.472135955	1480	103	4010	4460	4460.1	2005	1
4460	5.063332236	1480	103	4010	4460	4460.1	2005	2
4461	5.956565006	1652	130	4011	4461	4461.2	2007	2
4461	6.586956809	1652	130	4011	4461	4461.2	2007	1
4461	4.991058672	1652	130	4011	4461	4461.1	2005	2
4461	6.337165508	1652	130	4011	4461	4461.1	2005	1
4462	6.16911663	1442	167	4010	4462	4462.2	2007	1
4462	6.610824457	1442	167	4010	4462	4462.2	2007	2
4462	6.32455532	1442	167	4010	4462	4462.1	2005	1
4462	6.074427271	1442	167	4010	4462	4462.1	2005	2
4463	6.319915611	1613	130	4005	4463	4463.1	2005	2
4463	4.577408292	1613	130	4005	4463	4463.1	2005	1
4464	4.472135955	1572	139	4005	4464	4464.1	2005	2
4464	4.834942261	1572	139	4005	4464	4464.1	2005	1
4465	6.326715841	1572	109	4005	4465	4465.2	2007	2
4465	6.260511161	1572	109	4005	4465	4465.2	2007	1
4465	6.761903085	1572	109	4005	4465	4465.1	2005	2
4465	4.573765771	1572	109	4005	4465	4465.1	2005	1
4466	6.318781528	2156	109	4011	4466	4466.1	2005	2
4466	4.570557953	2156	109	4011	4466	4466.1	2005	1
4467	4.472135955	1604	180	4005	4467	4467.1	2005	2
4467	6.855605978	1604	180	4005	4467	4467.2	2007	2
4467	5.695319716	1604	180	4005	4467	4467.1	2005	1
4467	5.976035475	1604	180	4005	4467	4467.2	2007	1
4468	6.945406156	1523	167	4011	4468	4468.1	2005	1
4468	6.649285676	1523	167	4011	4468	4468.1	2005	2
4469	5.768535343	1442	150	4011	4469	4469.1	2005	2
4469	5.17107339	1442	150	4011	4469	4469.1	2005	1
4470	4.472135955	1613	103	4011	4470	4470.1	2005	2
4470	4.677820005	1613	103	4011	4470	4470.1	2005	1
4473	7.620586154	1442	150	4011	4473	4473.2	2007	1
4473	7.389993234	1442	150	4011	4473	4473.1	2005	2
4473	7.402612152	1442	150	4011	4473	4473.2	2007	2
4473	6.232762897	1442	150	4011	4473	4473.1	2005	1
4474	4.985178031	2137	101	4005	4474	4474.1	2005	2
4474	4.472135955	2137	101	4005	4474	4474.2	2007	1
4474	4.814284301	2137	101	4005	4474	4474.2	2007	2
4474	6.284159981	2137	101	4005	4474	4474.1	2005	1
4475	4.511319098	1432	139	4005	4475	4475.1	2005	2
4475	6.156026857	1432	139	4005	4475	4475.1	2005	1
4476	4.515750215	2156	130	4011	4476	4476.1	2005	1
4476	4.472135955	2156	130	4011	4476	4476.1	2005	2
4477	5.196537309	1572	101	4011	4477	4477.1	2005	2
4477	5.670332148	1572	101	4011	4477	4477.1	2005	1
4478	7.265718593	1523	136	4006	4478	4478.1	2005	1
4478	6.73448835	1523	136	4006	4478	4478.1	2005	2
4478	7.226202322	1523	136	4006	4478	4478.2	2007	1
4478	7.224241598	1523	136	4006	4478	4478.2	2007	2
4479	6.415969659	2111	139	4006	4479	4479.1	2005	1
4479	4.472135955	2111	139	4006	4479	4479.1	2005	2
4479	6.292217415	2111	139	4006	4479	4479.2	2007	2
4479	6.593026619	2111	139	4006	4479	4479.2	2007	1
4480	7.066069157	1442	180	4011	4480	4480.1	2005	2
4480	6.265939674	1442	180	4011	4480	4480.1	2005	1
4481	4.932004326	2156	175	4005	4481	4481.1	2005	1
4481	4.472135955	2156	175	4005	4481	4481.2	2007	1
4481	5.976453798	2156	175	4005	4481	4481.2	2007	2
4481	6.261150054	2156	175	4005	4481	4481.1	2005	2
4482	6.800735254	2137	167	4005	4482	4482.1	2005	1
4482	6.471939431	2137	167	4005	4482	4482.1	2005	2
4483	4.472135955	1427	180	4011	4483	4483.1	2005	1
4483	4.820096817	1427	180	4011	4483	4483.1	2005	2
4484	6.32455532	1503	150	4011	4484	4484.2	2007	2
4484	6.311840724	1503	150	4011	4484	4484.1	2005	2
4484	6.32455532	1503	150	4011	4484	4484.2	2007	1
4484	6.300476172	1503	150	4011	4484	4484.1	2005	1
4485	4.674148764	2156	167	4006	4485	4485.1	2005	1
4485	6.204407036	2156	167	4006	4485	4485.1	2005	2
4485	6.32455532	2156	167	4006	4485	4485.2	2007	2
4485	4.472135955	2156	167	4006	4485	4485.2	2007	1
4486	5.226471085	1427	101	4006	4486	4486.1	2005	1
4486	5.766165682	1427	101	4006	4486	4486.1	2005	2
4487	6.510913914	1523	136	4011	4487	4487.2	2007	2
4487	6.32455532	1523	136	4011	4487	4487.1	2005	2
4487	7.152482087	1523	136	4011	4487	4487.2	2007	1
4487	7.623997202	1523	136	4011	4487	4487.1	2005	1
4488	4.615625635	1503	165	4006	4488	4488.1	2005	2
4488	4.472135955	1503	165	4006	4488	4488.1	2005	1
4489	5.315449181	2111	139	4011	4489	4489.1	2005	1
4489	5.057271992	2111	139	4011	4489	4489.2	2007	2
4489	4.807563486	2111	139	4011	4489	4489.2	2007	1
4489	5.525637218	2111	139	4011	4489	4489.1	2005	2
4490	4.472135955	1503	139	4006	4490	4490.1	2005	1
4490	6.32455532	1503	139	4006	4490	4490.1	2005	2
4490	6.092509062	1503	139	4006	4490	4490.2	2007	2
4490	6.34229191	1503	139	4006	4490	4490.2	2007	1
4491	6.341818877	1503	165	4011	4491	4491.2	2007	2
4491	6.577892267	1503	165	4011	4491	4491.2	2007	1
4491	7.525334987	1503	165	4011	4491	4491.1	2005	1
4491	6.939356358	1503	165	4011	4491	4491.1	2005	2
4492	4.524673101	2156	165	4011	4492	4492.1	2005	2
4492	4.472135955	2156	165	4011	4492	4492.1	2005	1
4493	5.940258132	2111	136	4006	4493	4493.1	2005	2
4493	5.463576363	2111	136	4006	4493	4493.1	2005	1
4493	6.476624636	2111	136	4006	4493	4493.2	2007	2
4493	5.585696018	2111	136	4006	4493	4493.2	2007	1
4494	6.319994725	2156	165	4006	4494	4494.2	2007	1
4494	4.488058229	2156	165	4006	4494	4494.1	2005	2
4494	6.954974239	2156	165	4006	4494	4494.2	2007	2
4494	5.907622195	2156	165	4006	4494	4494.1	2005	1
4495	4.628246609	2111	136	4011	4495	4495.1	2005	2
4495	4.553606629	2111	136	4011	4495	4495.1	2005	1
4496	6.17219572	2111	136	4006	4496	4496.1	2005	2
4496	5.418425355	2111	136	4006	4496	4496.1	2005	1
4499	6.610950512	1432	127	4006	4499	4499.1	2005	2
4499	5.727826813	1432	127	4006	4499	4499.1	2005	1
4502	6.927385269	1571	108	4006	4502	4502.1	2005	2
4502	6.394528911	1571	108	4006	4502	4502.1	2005	1
4503	7.562495179	1571	108	4006	4503	4503.1	2005	1
4503	6.761927733	1571	108	4006	4503	4503.1	2005	2
4503	7.680885366	1571	108	4006	4503	4503.2	2007	1
4503	8.010534731	1571	108	4006	4503	4503.2	2007	2
4504	6.32455532	1432	127	4006	4504	4504.1	2005	1
4504	6.138132181	1432	127	4006	4504	4504.1	2005	2
4506	6.594239911	1571	108	4011	4506	4506.1	2005	2
4506	7.679496511	1571	108	4011	4506	4506.1	2005	1
4507	7.871827403	1571	169	4011	4507	4507.2	2007	2
4507	6.717812144	1571	169	4011	4507	4507.1	2005	2
4507	7.477031497	1571	169	4011	4507	4507.2	2007	1
4507	7.809950917	1571	169	4011	4507	4507.1	2005	1
4510	6.406481093	2156	160	4011	4510	4510.2	2007	2
4510	5.119700512	2156	160	4011	4510	4510.2	2007	1
4510	6.32455532	2156	160	4011	4510	4510.1	2005	2
4510	6.312949654	2156	160	4011	4510	4510.1	2005	1
4511	7.530139441	1571	160	4011	4511	4511.1	2005	1
4511	7.608460204	1571	160	4011	4511	4511.1	2005	2
4517	5.116704669	1432	161	4006	4517	4517.1	2005	1
4517	4.472135955	1432	161	4006	4517	4517.1	2005	2
4517	5.152863282	1432	161	4006	4517	4517.2	2007	2
4517	6.32455532	1432	161	4006	4517	4517.2	2007	1
4518	6.32455532	2156	161	4006	4518	4518.1	2005	1
4518	6.301322613	2156	161	4006	4518	4518.1	2005	2
4518	6.365270353	2156	161	4006	4518	4518.2	2007	1
4518	6.32455532	2156	161	4006	4518	4518.2	2007	2
4519	4.509249752	2239	169	4006	4519	4519.1	2005	1
4519	6.03647248	2239	169	4006	4519	4519.1	2005	2
4523	5.109664047	2253	108	4011	4523	4523.1	2005	2
4523	4.737720971	2253	108	4011	4523	4523.1	2005	1
4525	6.224066195	2253	169	4006	4525	4525.1	2005	1
4525	6.31110133	2253	169	4006	4525	4525.1	2005	2
4525	6.609588994	2253	169	4006	4525	4525.2	2007	1
4525	6.342764907	2253	169	4006	4525	4525.2	2007	2
4526	6.310414672	2253	160	4006	4526	4526.1	2005	1
4526	4.879412533	2253	160	4006	4526	4526.2	2007	2
4526	7.235329986	2253	160	4006	4526	4526.2	2007	1
4526	6.047644169	2253	160	4006	4526	4526.1	2005	2
4527	5.891519329	2239	161	4011	4527	4527.2	2007	2
4527	6.459463342	2239	161	4011	4527	4527.2	2007	1
4527	6.32455532	2239	161	4011	4527	4527.1	2005	1
4527	5.184271084	2239	161	4011	4527	4527.1	2005	2
4528	6.134383968	2156	151	4006	4528	4528.1	2005	1
4528	6.321075858	2156	151	4006	4528	4528.1	2005	2
4531	6.158463012	2253	168	4006	4531	4531.1	2005	1
4531	6.156676593	2253	168	4006	4531	4531.2	2007	2
4531	7.901476655	2253	168	4006	4531	4531.1	2005	2
4531	6.334087675	2253	168	4006	4531	4531.2	2007	1
4532	5.793502108	2156	168	4006	4532	4532.1	2005	2
4532	5.647182188	2156	168	4006	4532	4532.1	2005	1
4532	6.066630037	2156	168	4006	4532	4532.2	2007	1
4532	6.32455532	2156	168	4006	4532	4532.2	2007	2
4533	5.479902675	2271	151	4011	4533	4533.2	2007	1
4533	4.495034297	2271	151	4011	4533	4533.1	2005	2
4533	5.577514381	2271	151	4011	4533	4533.2	2007	2
4533	4.472135955	2271	151	4011	4533	4533.1	2005	1
4534	4.472135955	2239	168	4006	4534	4534.1	2005	1
4534	6.32455532	2239	168	4006	4534	4534.2	2007	1
4534	4.472135955	2239	168	4006	4534	4534.1	2005	2
4534	6.23527599	2239	168	4006	4534	4534.2	2007	2
4535	5.745549002	2156	161	4011	4535	4535.2	2007	2
4535	7.01203727	2156	161	4011	4535	4535.2	2007	1
4535	6.306927408	2156	161	4011	4535	4535.1	2005	2
4535	6.445385947	2156	161	4011	4535	4535.1	2005	1
4537	6.289674077	2271	151	4006	4537	4537.1	2005	1
4537	4.847954896	2271	151	4006	4537	4537.1	2005	2
4539	6.42017653	2271	106	4011	4539	4539.2	2007	1
4539	4.712960853	2271	106	4011	4539	4539.1	2005	2
4539	5.226534863	2271	106	4011	4539	4539.1	2005	1
4539	5.67650127	2271	106	4011	4539	4539.2	2007	2
4541	6.492662525	1572	106	4011	4541	4541.2	2007	2
4541	6.715107346	1572	106	4011	4541	4541.1	2005	2
4541	6.338874768	1572	106	4011	4541	4541.2	2007	1
4541	6.306874556	1572	106	4011	4541	4541.1	2005	1
5001	7.277224746	1506	213	5040	5001	5001.1	2006	2
5001	6.130307225	1506	213	5040	5001	5001.1	2006	1
5002	5.745549002	4459	272	5013	5002	5002.1	2006	2
5002	4.653672385	4459	272	5013	5002	5002.1	2006	1
5003	5.929249531	4455	233	5031	5003	5003.1	2006	1
5003	6.180291255	4455	233	5031	5003	5003.1	2006	2
5004	7.099647879	4228	245	5023	5004	5004.1	2006	2
5004	5.389743345	4228	245	5023	5004	5004.1	2006	1
5005	5.08396171	4413	252	5023	5005	5005.1	2006	1
5005	5.493632678	4413	252	5023	5005	5005.1	2006	2
5006	6.033572739	4339	212	5011	5006	5006.1	2006	2
5006	5.004065015	4339	212	5011	5006	5006.1	2006	1
5007	4.498814658	4442	227	5013	5007	5007.1	2006	2
5007	5.205573936	4442	227	5013	5007	5007.1	2006	1
5008	4.481591979	4485	227	5004	5008	5008.1	2006	1
5008	5.369792051	4485	227	5004	5008	5008.1	2006	2
5009	6.247612878	4493	233	5036	5009	5009.1	2006	2
5009	5.593508142	4493	233	5036	5009	5009.1	2006	1
5010	6.347020299	4525	233	5013	5010	5010.1	2006	2
5010	6.185089598	4525	233	5013	5010	5010.1	2006	1
5011	4.633501196	4479	242	5023	5011	5011.1	2006	1
5011	6.427389309	4479	242	5023	5011	5011.1	2006	2
5012	7.439735659	4358	243	5023	5012	5012.1	2006	1
5012	7.797563722	4358	243	5023	5012	5012.1	2006	2
5013	5.896552665	4467	243	5015	5013	5013.1	2006	2
5013	6.314269554	4467	243	5015	5013	5013.1	2006	1
5014	5.991799952	4467	245	5011	5014	5014.1	2006	2
5014	5.023544565	4467	245	5011	5014	5014.1	2006	1
5015	6.740079129	4467	248	5031	5015	5015.1	2006	2
5015	6.253852146	4467	248	5031	5015	5015.1	2006	1
5017	4.472135955	4486	279	5040	5017	5017.1	2006	1
5017	5.722994554	4486	279	5040	5017	5017.1	2006	2
5018	6.737061674	4225	282	5031	5018	5018.1	2006	2
5018	6.542425646	4225	282	5031	5018	5018.1	2006	1
5019	5.007128252	1439	210	5036	5019	5019.1	2006	2
5019	6.000722179	1439	210	5036	5019	5019.1	2006	1
5020	5.92430024	4225	210	5013	5020	5020.1	2006	2
5020	6.100683022	4225	210	5013	5020	5020.1	2006	1
5021	6.306504579	2143	217	5031	5021	5021.1	2006	2
5021	6.225110441	2143	217	5031	5021	5021.1	2006	1
5022	5.950126049	4479	236	5036	5022	5022.1	2006	2
5022	6.33819112	4479	236	5036	5022	5022.1	2006	1
5023	7.622947811	4455	239	5013	5023	5023.1	2006	2
5023	6.583033748	4455	239	5013	5023	5023.1	2006	1
5024	6.198924638	4442	239	5011	5024	5024.1	2006	1
5024	5.726604579	4442	239	5011	5024	5024.1	2006	2
5025	7.094551901	4231	244	5036	5025	5025.1	2006	2
5025	5.571115986	4231	244	5036	5025	5025.1	2006	1
5026	6.32455532	4361	248	5036	5026	5026.1	2006	2
5026	4.472135955	4361	248	5036	5026	5026.1	2006	1
5027	4.686861068	2058	214	5004	5027	5027.1	2006	2
5027	4.633285371	2058	214	5004	5027	5027.1	2006	1
5028	4.472135955	4407	214	5013	5028	5028.1	2006	1
5028	4.472135955	4407	214	5013	5028	5028.1	2006	2
5029	4.747806511	4486	214	5036	5029	5029.1	2006	1
5029	5.336540703	4486	214	5036	5029	5029.1	2006	2
5031	5.942670555	2244	220	5023	5031	5031.1	2006	1
5031	6.428893114	2244	220	5023	5031	5031.1	2006	2
5032	4.56194403	4493	242	5015	5032	5032.1	2006	2
5032	4.824658882	4493	242	5015	5032	5032.1	2006	1
5033	5.485860613	4442	236	5031	5033	5033.1	2006	1
5033	6.500051282	4442	236	5031	5033	5033.1	2006	2
5034	4.640905084	4485	236	5005	5034	5034.1	2006	2
5034	4.724616387	4485	236	5005	5034	5034.1	2006	1
5036	6.055686033	4228	248	5040	5036	5036.1	2006	2
5036	5.89881344	4228	248	5040	5036	5036.1	2006	1
5037	6.32271039	4228	243	5031	5037	5037.1	2006	2
5037	5.310492758	4228	243	5031	5037	5037.1	2006	1
5038	6.372911423	4526	272	5015	5038	5038.1	2006	1
5038	8.304175656	4526	272	5015	5038	5038.1	2006	2
5039	5.804251315	4493	260	5015	5039	5039.1	2006	2
5039	5.415840962	4493	260	5015	5039	5039.1	2006	1
5040	6.32455532	2263	278	5036	5040	5040.1	2006	1
5040	6.474462655	2263	278	5036	5040	5040.1	2006	2
5041	5.653022791	4407	212	5004	5041	5041.1	2006	1
5041	6.449754517	4407	212	5004	5041	5041.1	2006	2
5042	4.472135955	4475	283	5011	5042	5042.1	2006	2
5042	4.472135955	4475	283	5011	5042	5042.1	2006	1
5043	4.472135955	4132	215	5004	5043	5043.1	2006	1
5043	4.472135955	4132	215	5004	5043	5043.1	2006	2
5044	5.459609265	1604	218	5004	5044	5044.1	2006	1
5044	5.40074069	1604	218	5004	5044	5044.1	2006	2
5045	7.5380811	4528	217	5005	5045	5045.1	2006	1
5045	6.877499546	4528	217	5005	5045	5045.1	2006	2
5046	6.761114307	4396	239	5023	5046	5046.1	2006	2
5046	5.186778063	4396	239	5023	5046	5046.1	2006	1
5047	7.154742017	4526	248	5013	5047	5047.1	2006	1
5047	6.756379701	4526	248	5013	5047	5047.1	2006	2
5048	5.997888518	4272	245	5036	5048	5048.1	2006	1
5048	6.412227902	4272	245	5036	5048	5048.1	2006	2
5049	6.33782297	4231	243	5023	5049	5049.1	2006	1
5049	6.103387038	4231	243	5023	5049	5049.1	2006	2
5050	5.333322916	4274	278	5036	5050	5050.1	2006	1
5050	4.507771068	4274	278	5036	5050	5050.1	2006	2
5051	4.957889336	2143	283	5040	5051	5051.1	2006	2
5051	4.742994834	2143	283	5040	5051	5051.1	2006	1
5052	5.612723641	4230	218	5036	5052	5052.1	2006	1
5052	6.649411002	4230	218	5036	5052	5052.1	2006	2
5053	4.860658392	4175	239	5015	5053	5053.1	2006	2
5053	4.892511285	4175	239	5015	5053	5053.1	2006	1
5054	4.948871925	4467	239	5004	5054	5054.1	2006	1
5054	5.321278042	4467	239	5004	5054	5054.1	2006	2
5055	5.498757435	4526	227	5040	5055	5055.1	2006	1
5055	4.934774564	4526	227	5040	5055	5055.1	2006	2
5056	5.518574696	4410	227	5040	5056	5056.1	2006	2
5056	5.235965368	4410	227	5040	5056	5056.1	2006	1
5057	4.472135955	4345	260	5041	5057	5057.1	2006	1
5057	4.640402281	4345	260	5041	5057	5057.1	2006	2
5058	6.280764285	2156	215	5040	5058	5058.1	2006	2
5058	4.50555213	2156	215	5040	5058	5058.1	2006	1
5059	4.854619793	4518	240	5004	5059	5059.1	2006	1
5059	5.937676313	4518	240	5004	5059	5059.1	2006	2
5060	5.847506591	4175	260	5030	5060	5060.1	2006	2
5060	6.364196729	4175	260	5030	5060	5060.1	2006	1
5061	7.63365356	1506	203	5013	5061	5061.1	2006	2
5061	6.664032813	1506	203	5013	5061	5061.1	2006	1
5062	4.53416659	4173	284	5005	5062	5062.1	2006	1
5062	4.696452562	4173	284	5005	5062	5062.1	2006	2
5063	4.49547921	4453	284	5015	5063	5063.1	2006	1
5063	4.602970055	4453	284	5015	5063	5063.1	2006	2
5064	6.338296301	4173	215	5036	5064	5064.1	2006	2
5064	6.32455532	4173	215	5036	5064	5064.1	2006	1
5065	6.16663063	4475	206	5036	5065	5065.1	2006	1
5065	6.052051993	4475	206	5036	5065	5065.1	2006	2
5067	4.472135955	2058	205	5036	5067	5067.1	2006	1
5067	4.472135955	2058	205	5036	5067	5067.1	2006	2
5068	4.937948292	2248	284	5030	5068	5068.1	2006	1
5068	5.043411544	2248	284	5030	5068	5068.1	2006	2
5069	4.472135955	4402	240	5036	5069	5069.1	2006	2
5069	4.472135955	4402	240	5036	5069	5069.1	2006	1
5070	7.096384056	4362	256	5041	5070	5070.1	2006	2
5070	6.084296728	4362	256	5041	5070	5070.1	2006	1
5071	4.56172482	4345	244	5015	5071	5071.1	2006	1
5071	5.507570547	4345	244	5015	5071	5071.1	2006	2
5072	4.472135955	4175	245	5036	5072	5072.1	2006	2
5072	4.487315456	4175	245	5036	5072	5072.1	2006	1
5073	6.316644679	4263	260	5030	5073	5073.1	2006	2
5073	4.472135955	4263	260	5030	5073	5073.1	2006	1
5074	6.122526711	4324	259	5015	5074	5074.1	2006	1
5074	6.554387843	4324	259	5015	5074	5074.1	2006	2
5075	6.854852296	4203	256	5015	5075	5075.1	2006	2
5075	6.183095234	4203	256	5015	5075	5075.1	2006	1
5076	7.197569034	4362	274	5035	5076	5076.1	2006	2
5076	5.2380658	4362	274	5035	5076	5076.1	2006	1
5077	7.537086086	1506	200	5005	5077	5077.1	2006	2
5077	5.509990926	1506	200	5005	5077	5077.1	2006	1
5078	5.037790521	1666	205	5035	5078	5078.1	2006	2
5078	4.472135955	1666	205	5035	5078	5078.1	2006	1
5079	6.277048138	2165	222	5036	5079	5079.1	2006	2
5079	6.354761994	2165	222	5036	5079	5079.1	2006	1
5080	5.913881974	4228	252	5040	5080	5080.1	2006	1
5080	6.711433031	4228	252	5040	5080	5080.1	2006	2
5082	6.26125653	4227	259	5015	5082	5082.1	2006	1
5082	6.745047566	4227	259	5015	5082	5082.1	2006	2
5083	4.70772415	4485	246	5015	5083	5083.1	2006	1
5083	4.821479718	4485	246	5015	5083	5083.1	2006	2
5084	7.108351895	4227	246	5016	5084	5084.1	2006	2
5084	5.852634734	4227	246	5016	5084	5084.1	2006	1
5085	4.472135955	4205	280	5015	5085	5085.1	2006	2
5085	5.554217616	4205	280	5015	5085	5085.1	2006	1
5087	7.377827142	4517	246	5016	5087	5087.1	2006	2
5087	5.661154182	4517	246	5016	5087	5087.1	2006	1
5088	4.512205669	4132	201	5016	5088	5088.1	2006	1
5088	5.161524322	4132	201	5016	5088	5088.1	2006	2
5089	6.109391678	4227	231	5029	5089	5089.1	2006	1
5089	7.550231785	4227	231	5029	5089	5089.1	2006	2
5090	5.106988675	4174	216	5035	5090	5090.1	2006	2
5090	4.472135955	4174	216	5035	5090	5090.1	2006	1
5091	5.941773024	4518	257	5041	5091	5091.1	2006	2
5091	4.856816516	4518	257	5041	5091	5091.1	2006	1
5092	4.550238089	4156	257	5030	5092	5092.1	2006	2
5092	5.006795382	4156	257	5030	5092	5092.1	2006	1
5093	6.140575435	4174	209	5030	5093	5093.1	2006	1
5093	5.188512954	4174	209	5030	5093	5093.1	2006	2
5094	4.747069272	4381	209	5029	5094	5094.1	2006	2
5094	5.980245257	4381	209	5029	5094	5094.1	2006	1
5095	5.109533573	4205	223	5035	5095	5095.1	2006	1
5095	6.98689249	4205	223	5035	5095	5095.1	2006	2
5096	6.642188395	4132	216	5041	5096	5096.1	2006	1
5096	6.76308608	4132	216	5041	5096	5096.1	2006	2
5097	5.333979127	4490	231	5016	5097	5097.1	2006	2
5097	6.285698052	4490	231	5016	5097	5097.1	2006	1
5098	5.132965354	2245	223	5030	5098	5098.1	2006	1
5098	4.472135955	2245	223	5030	5098	5098.1	2006	2
5099	5.374755808	4413	273	5041	5099	5099.1	2006	1
5099	4.529974246	4413	273	5041	5099	5099.1	2006	2
5100	6.088732764	4494	273	5015	5100	5100.1	2006	1
5100	4.69893605	4494	273	5015	5100	5100.1	2006	2
5101	5.25160293	4405	250	5010	5101	5101.1	2006	2
5101	5.75934024	4405	250	5010	5101	5101.1	2006	1
5102	6.111137374	4490	250	5010	5102	5102.1	2006	2
5102	4.865456471	4490	250	5010	5102	5102.1	2006	1
5103	4.47876471	4407	208	5034	5103	5103.1	2006	2
5103	6.309410961	4407	208	5034	5103	5103.1	2006	1
5104	4.472135955	2143	224	5010	5104	5104.1	2006	1
5104	4.57704417	2143	224	5010	5104	5104.1	2006	2
5105	5.662567145	4228	262	5041	5105	5105.1	2006	1
5105	6.403748902	4228	262	5041	5105	5105.1	2006	2
5106	4.472135955	4494	262	5029	5106	5106.1	2006	1
5106	4.472135955	4494	262	5029	5106	5106.1	2006	2
5107	4.477499302	4302	271	5043	5107	5107.1	2006	1
5107	4.954257429	4302	271	5043	5107	5107.1	2006	2
5108	4.579155672	4241	273	5030	5108	5108.1	2006	1
5108	4.472135955	4241	273	5030	5108	5108.1	2006	2
5109	5.858441203	4413	250	5029	5109	5109.1	2006	1
5109	5.107249749	4413	250	5029	5109	5109.1	2006	2
5110	5.510474873	4225	281	5016	5110	5110.1	2006	1
5110	6.413033604	4225	281	5016	5110	5110.1	2006	2
5111	7.3430239	4274	281	5034	5111	5111.1	2006	2
5111	6.914357044	4274	281	5034	5111	5111.1	2006	1
5112	5.20928658	4205	221	5041	5112	5112.1	2006	2
5112	6.098661056	4205	221	5041	5112	5112.1	2006	1
5114	5.036467016	4325	254	5016	5114	5114.1	2006	1
5114	4.783861759	4325	254	5016	5114	5114.1	2006	2
5115	4.472135955	4405	275	5041	5115	5115.1	2006	1
5115	5.428320797	4405	275	5041	5115	5115.1	2006	2
5116	7.324388484	4254	269	5043	5116	5116.1	2006	1
5116	6.32455532	4254	269	5043	5116	5116.1	2006	2
5117	5.56369182	4241	269	5010	5117	5117.1	2006	1
5117	6.06778378	4241	269	5010	5117	5117.1	2006	2
5118	4.601014381	4228	273	5034	5118	5118.1	2006	2
5118	6.246919241	4228	273	5034	5118	5118.1	2006	1
5119	4.712819397	4407	219	5007	5119	5119.1	2006	1
5119	5.895421953	4407	219	5007	5119	5119.1	2006	2
5120	4.51205792	4156	228	5007	5120	5120.1	2006	2
5120	4.472135955	4156	228	5007	5120	5120.1	2006	1
5121	6.570793965	4383	261	5043	5121	5121.1	2006	2
5121	6.32455532	4383	261	5043	5121	5121.1	2006	1
5122	6.289250088	4281	262	5007	5122	5122.1	2006	2
5122	4.472135955	4281	262	5007	5122	5122.1	2006	1
5123	6.356623842	4383	275	5034	5123	5123.1	2006	1
5123	6.059372905	4383	275	5034	5123	5123.1	2006	2
5124	4.7644517	4228	275	5010	5124	5124.1	2006	1
5124	4.931260826	4228	275	5010	5124	5124.1	2006	2
5125	4.472135955	1527	211	5034	5125	5125.1	2006	1
5125	5.498424017	1527	211	5034	5125	5125.1	2006	2
5126	5.696314598	2156	211	5016	5126	5126.1	2006	1
5126	5.727826813	2156	211	5016	5126	5126.1	2006	2
5127	4.969305787	2253	219	5043	5127	5127.1	2006	2
5127	6.226823695	2253	219	5043	5127	5127.1	2006	1
5128	4.900748242	4413	254	5007	5128	5128.1	2006	2
5128	6.176136873	4413	254	5007	5128	5128.1	2006	1
5129	5.456372421	4191	228	5034	5129	5129.1	2006	2
5129	6.114600014	4191	228	5034	5129	5129.1	2006	1
5130	4.739409246	4325	229	5010	5130	5130.1	2006	2
5130	4.766200444	4325	229	5010	5130	5130.1	2006	1
5131	4.802776975	4302	229	5034	5131	5131.1	2006	2
5131	6.271522941	4302	229	5034	5131	5131.1	2006	1
5132	6.32455532	4525	269	5007	5132	5132.1	2006	1
5132	6.385086791	4525	269	5007	5132	5132.1	2006	2
5133	6.32455532	4405	271	5043	5133	5133.1	2006	1
5133	6.265992872	4405	271	5043	5133	5133.1	2006	2
5134	4.489766141	4413	271	5010	5134	5134.1	2006	1
5134	4.678318787	4413	271	5010	5134	5134.1	2006	2
5135	7.15737382	4281	229	5002	5135	5135.1	2006	2
5135	6.25875387	4281	229	5002	5135	5135.1	2006	1
5136	6.228911087	4413	231	5034	5136	5136.1	2006	1
5136	6.819090848	4413	231	5034	5136	5136.1	2006	2
5137	4.559166591	4493	229	5007	5137	5137.1	2006	1
5137	6.259818953	4493	229	5007	5137	5137.1	2006	2
5138	7.693438763	4525	254	5043	5138	5138.1	2006	1
5138	7.342161353	4525	254	5043	5138	5138.1	2006	2
5139	5.435684563	4254	254	5043	5139	5139.1	2006	1
5139	7.038134222	4254	254	5043	5139	5139.1	2006	2
5140	4.472135955	4493	261	5010	5140	5140.1	2006	2
5140	4.49013734	4493	261	5010	5140	5140.1	2006	1
5141	6.284902545	4490	228	5010	5141	5141.1	2006	1
5141	5.76992201	4490	228	5010	5141	5141.1	2006	2
5142	5.91455831	4325	262	5001	5142	5142.1	2006	1
5142	4.694606834	4325	262	5001	5142	5142.1	2006	2
5143	4.667011892	4383	225	5027	5143	5143.1	2006	2
5143	6.32455532	4383	225	5027	5143	5143.1	2006	1
5144	4.972122283	4302	232	5022	5144	5144.1	2006	1
5144	5.475490846	4302	232	5022	5144	5144.1	2006	2
5146	4.472135955	4525	261	5007	5146	5146.1	2006	2
5146	4.99065794	4525	261	5007	5146	5146.1	2006	1
5147	4.472135955	4272	263	5016	5147	5147.1	2006	1
5147	4.515159651	4272	263	5016	5147	5147.1	2006	2
5148	5.097973453	4362	265	5001	5148	5148.1	2006	1
5148	7.345905889	4362	265	5001	5148	5148.1	2006	2
5149	5.791142662	4302	269	5043	5149	5149.1	2006	2
5149	5.984647024	4302	269	5043	5149	5149.1	2006	1
5150	6.090511746	4493	269	5002	5150	5150.1	2006	1
5150	4.472135955	4493	269	5002	5150	5150.1	2006	2
5151	5.664685929	4229	271	5027	5151	5151.1	2006	1
5151	5.920838904	4229	271	5027	5151	5151.1	2006	2
5152	6.356361642	4368	275	5027	5152	5152.1	2006	2
5152	6.32455532	4368	275	5027	5152	5152.1	2006	1
5153	4.472135955	4493	230	5043	5153	5153.1	2006	1
5153	4.472135955	4493	230	5043	5153	5153.1	2006	2
5154	4.819266887	2058	204	5001	5154	5154.1	2006	1
5154	7.340345133	2058	204	5001	5154	5154.1	2006	2
5155	5.851666429	4490	225	5022	5155	5155.1	2006	2
5155	4.845754155	4490	225	5022	5155	5155.1	2006	1
5157	6.14448262	4493	249	5022	5157	5157.1	2006	2
5157	5.933014973	4493	249	5022	5157	5157.1	2006	1
5158	4.472135955	4203	265	5022	5158	5158.1	2006	1
5158	4.472135955	4203	265	5022	5158	5158.1	2006	2
5159	4.680527035	4396	265	5027	5159	5159.1	2006	2
5159	4.563039922	4396	265	5027	5159	5159.1	2006	1
5161	5.211749546	4173	204	5027	5161	5161.1	2006	2
5161	6.056291495	4173	204	5027	5161	5161.1	2006	1
5162	5.215106263	4241	249	5027	5162	5162.1	2006	1
5162	6.32990258	4241	249	5027	5162	5162.1	2006	2
5163	4.472135955	4203	251	5046	5163	5163.1	2006	1
5163	6.38576542	4203	251	5046	5163	5163.1	2006	2
5164	4.818644346	4231	251	5014	5164	5164.1	2006	2
5164	4.472135955	4231	251	5014	5164	5164.1	2006	1
5165	6.32455532	4173	202	5002	5165	5165.1	2006	1
5165	5.145677798	4173	202	5002	5165	5165.1	2006	2
5166	7.485942381	4503	225	5046	5166	5166.1	2006	1
5166	7.344067901	4503	225	5046	5166	5166.1	2006	2
5167	4.472135955	4396	232	5046	5167	5167.1	2006	2
5167	5.676325103	4396	232	5046	5167	5167.1	2006	1
5168	5.61753208	4231	232	5002	5168	5168.1	2006	2
5168	5.371591943	4231	232	5002	5168	5168.1	2006	1
5169	5.571056154	4231	233	5022	5169	5169.1	2006	1
5169	4.855375029	4231	233	5022	5169	5169.1	2006	2
5170	4.472135955	4156	268	5014	5170	5170.1	2006	1
5170	4.621904369	4156	268	5014	5170	5170.1	2006	2
5171	4.472135955	4156	202	5027	5171	5171.1	2006	2
5171	6.021406259	4156	202	5027	5171	5171.1	2006	1
5172	5.454722724	4241	230	5046	5172	5172.1	2006	1
5172	6.486344631	4241	230	5046	5172	5172.1	2006	2
5173	4.575733092	4474	253	5046	5173	5173.1	2006	1
5173	6.346442573	4474	253	5046	5173	5173.1	2006	2
5174	5.773906823	4241	233	5046	5174	5174.1	2006	2
5174	5.05628322	4241	233	5046	5174	5174.1	2006	1
5175	5.983644374	4368	230	5027	5175	5175.1	2006	1
5175	5.924018906	4368	230	5027	5175	5175.1	2006	2
5176	4.472135955	4156	249	5001	5176	5176.1	2006	1
5176	6.32455532	4156	249	5001	5176	5176.1	2006	2
5178	5.700409342	4362	251	5027	5178	5178.1	2006	1
5178	7.89140883	4362	251	5027	5178	5178.1	2006	2
5179	4.472135955	4465	268	5020	5179	5179.1	2006	2
5179	6.330929369	4465	268	5020	5179	5179.1	2006	1
5180	6.276941931	4490	232	5001	5180	5180.1	2006	1
5180	7.238323931	4490	232	5001	5180	5180.1	2006	2
5181	4.51279662	4467	233	5027	5181	5181.1	2006	2
5181	4.564208584	4467	233	5027	5181	5181.1	2006	1
5183	5.237111163	4467	253	5012	5183	5183.1	2006	1
5183	5.549714707	4467	253	5012	5183	5183.1	2006	2
5184	5.585875043	4485	253	5027	5184	5184.1	2006	2
5184	6.265833278	4485	253	5027	5184	5184.1	2006	1
5185	6.552404139	4385	266	5001	5185	5185.1	2006	2
5185	5.211397765	4385	266	5001	5185	5185.1	2006	1
5186	4.699609913	4241	266	5020	5186	5186.1	2006	1
5186	4.690700019	4241	266	5020	5186	5186.1	2006	2
5187	5.714834497	4459	267	5001	5187	5187.1	2006	2
5187	6.176244814	4459	267	5001	5187	5187.1	2006	1
5188	4.66318918	4231	268	5046	5188	5188.1	2006	2
5188	5.142372993	4231	268	5046	5188	5188.1	2006	1
5189	7.60578727	4503	268	5027	5189	5189.1	2006	2
5189	7.392428559	4503	268	5027	5189	5189.1	2006	1
5190	4.472135955	4175	277	5027	5190	5190.1	2006	2
5190	4.497258424	4175	277	5027	5190	5190.1	2006	1
5191	5.304149319	4427	202	5012	5191	5191.1	2006	1
5191	4.787692555	4427	202	5012	5191	5191.1	2006	2
5192	4.591441313	4241	251	5022	5192	5192.1	2006	1
5192	6.32455532	4241	251	5022	5192	5192.1	2006	2
5193	4.472135955	4227	253	5022	5193	5193.1	2006	1
5193	7.048876979	4227	253	5022	5193	5193.1	2006	2
5194	6.32455532	4227	244	5018	5194	5194.1	2006	2
5194	6.32455532	4227	244	5018	5194	5194.1	2006	1
5195	4.657753393	4175	253	5022	5195	5195.1	2006	2
5195	5.36308369	4175	253	5022	5195	5195.1	2006	1
5196	5.875655991	4467	266	5032	5196	5196.1	2006	2
5196	5.206598378	4467	266	5032	5196	5196.1	2006	1
5197	6.369615373	4517	266	5027	5197	5197.1	2006	2
5197	6.32455532	4517	266	5027	5197	5197.1	2006	1
5198	4.986180903	4362	267	5012	5198	5198.1	2006	1
5198	6.984912312	4362	267	5012	5198	5198.1	2006	2
5199	7.08387841	4175	241	5032	5199	5199.1	2006	2
5199	4.472135955	4175	241	5032	5199	5199.1	2006	1
5201	7.171936048	4479	267	5046	5201	5201.1	2006	2
5201	5.651489479	4479	267	5046	5201	5201.1	2006	1
5202	7.745966692	4442	241	5012	5202	5202.1	2006	2
5202	6.32455532	4442	241	5012	5202	5202.1	2006	1
5203	6.473947791	4455	242	5025	5203	5203.1	2006	1
5203	5.935823448	4455	242	5025	5203	5203.1	2006	2
5205	5.855595614	4494	244	5048	5205	5205.1	2006	1
5205	6.549300217	4494	244	5048	5205	5205.1	2006	2
5206	6.531717487	4405	264	5012	5206	5206.1	2006	2
5206	5.979687841	4405	264	5012	5206	5206.1	2006	1
5207	6.461785099	4442	277	5014.2	5207	5207.1	2006	2
5207	6.177620901	4442	277	5014.2	5207	5207.1	2006	1
5208	5.693709979	4358	227	5020	5208	5208.1	2006	2
5208	4.840661112	4358	227	5020	5208	5208.1	2006	1
5210	4.472135955	4361	264	5020	5210	5210.1	2006	2
5210	4.472135955	4361	264	5020	5210	5210.1	2006	1
5211	6.032578222	4441	241	5025	5211	5211.1	2006	2
5211	6.191230357	4441	241	5025	5211	5211.1	2006	1
5212	4.472135955	4325	242	5012	5212	5212.1	2006	2
5212	6.223771632	4325	242	5012	5212	5212.1	2006	1
5213	6.464157589	4345	243	5020	5213	5213.1	2006	2
5213	6.287871924	4345	243	5020	5213	5213.1	2006	1
5214	5.269661595	4325	243	5032	5214	5214.1	2006	1
5214	5.595176494	4325	243	5032	5214	5214.1	2006	2
5215	6.020243627	4345	264	5048	5215	5215.1	2006	1
5215	6.618836756	4345	264	5048	5215	5215.1	2006	2
5216	4.88603452	4413	259	5012	5216	5216.1	2006	1
5216	6.694276162	4413	259	5012	5216	5216.1	2006	2
5218	5.898417867	4362	259	5038	5218	5218.1	2006	1
5218	6.524083589	4362	259	5038	5218	5218.1	2006	2
5219	6.204245858	4361	276	5038	5219	5219.1	2006	1
5219	7.276308588	4361	276	5038	5219	5219.1	2006	2
5220	6.376258046	4517	277	5012	5220	5220.1	2006	2
5220	6.409056093	4517	277	5012	5220	5220.1	2006	1
5221	4.472135955	4455	277	5032	5221	5221.1	2006	1
5221	6.89995169	4455	277	5032	5221	5221.1	2006	2
5222	5.888576511	4345	255	5032	5222	5222.1	2006	1
5222	5.870377614	4345	255	5032	5222	5222.1	2006	2
5223	5.722237325	4441	227	5048	5223	5223.1	2006	1
5223	7.315326377	4441	227	5048	5223	5223.1	2006	2
5224	7.636709588	4325	240	5025	5224	5224.1	2006	2
5224	4.70028368	4325	240	5025	5224	5224.1	2006	1
5225	4.818367635	4455	240	5012	5225	5225.1	2006	1
5225	5.56596802	4455	240	5012	5225	5225.1	2006	2
5226	6.545736526	4455	255	5018	5226	5226.1	2006	2
5226	6.640582304	4455	255	5018	5226	5226.1	2006	1
5227	5.563542037	4325	264	5018	5227	5227.1	2006	1
5227	5.098627266	4325	264	5018	5227	5227.1	2006	2
5229	5.583845747	4191	276	5032	5229	5229.1	2006	1
5229	7.904555648	4191	276	5032	5229	5229.1	2006	2
5230	4.481815109	4413	272	5025	5230	5230.1	2006	1
5230	5.47649523	4413	272	5025	5230	5230.1	2006	2
5231	5.547431838	4229	272	5018	5231	5231.1	2006	1
5231	6.432728814	4229	272	5018	5231	5231.1	2006	2
5233	7.13757662	4526	259	5020	5233	5233.1	2006	2
5233	7.182385862	4526	259	5020	5233	5233.1	2006	1
5234	4.549505468	4142	245	5020	5234	5234.1	2006	2
5234	4.739409246	4142	245	5020	5234	5234.1	2006	1
5235	4.706449476	4490	255	5038	5235	5235.1	2006	1
5235	6.414826576	4490	255	5038	5235	5235.1	2006	2
5236	5.341722569	4494	243	5025	5236	5236.1	2006	1
5236	5.979687841	4494	243	5025	5236	5236.1	2006	2
5237	4.941794546	4402	245	5038	5237	5237.1	2006	2
5237	5.735503465	4402	245	5038	5237	5237.1	2006	1
5238	4.472135955	4142	240	5032	5238	5238.1	2006	2
5238	5.920247742	4142	240	5032	5238	5238.1	2006	1
5240	6.32455532	4479	238	5045	5240	5240.1	2006	2
5240	4.678176282	4479	238	5045	5240	5240.1	2006	1
5241	6.988943649	4191	236	5012	5241	5241.1	2006	2
5241	5.366749482	4191	236	5012	5241	5241.1	2006	1
5242	4.63910911	4479	234	5032	5242	5242.1	2006	1
5242	6.789452605	4479	234	5032	5242	5242.1	2006	2
5243	4.472135955	4493	236	5018	5243	5243.1	2006	1
5243	5.21823725	4493	236	5018	5243	5243.1	2006	2
5244	4.472135955	4493	235	5026	5244	5244.1	2006	2
5244	4.472135955	4493	235	5026	5244	5244.1	2006	1
5245	5.69883029	4493	234	5048	5245	5245.1	2006	1
5245	6.411448095	4493	234	5048	5245	5245.1	2006	2
5246	5.264852008	4494	246	5045	5246	5246.1	2006	2
5246	6.216000858	4494	246	5045	5246	5246.1	2006	1
5248	6.690590407	4467	235	5018	5248	5248.1	2006	1
5248	6.152127004	4467	235	5018	5248	5248.1	2006	2
5249	4.472135955	4396	235	5045	5249	5249.1	2006	1
5249	4.860178323	4396	235	5045	5249	5249.1	2006	2
5250	6.146760665	4233	245	5012	5250	5250.1	2006	2
5250	4.491324972	4233	245	5012	5250	5250.1	2006	1
5252	7.824896165	4383	226	5047	5252	5252.1	2006	1
5252	7.055258087	4383	226	5047	5252	5252.1	2006	2
5253	6.109937261	4396	270	5026	5253	5253.1	2006	1
5253	6.874833331	4396	270	5026	5253	5253.1	2006	2
5254	4.472135955	4281	274	5047	5254	5254.1	2006	1
5254	5.278699335	4281	274	5047	5254	5254.1	2006	2
5256	6.441221416	4467	258	5047	5256	5256.1	2006	1
5256	6.556574309	4467	258	5047	5256	5256.1	2006	2
5257	4.558801012	4459	274	5026	5257	5257.1	2006	2
5257	4.472135955	4459	274	5026	5257	5257.1	2006	1
5258	7.601885731	4231	274	5047	5258	5258.1	2006	1
5258	7.332621177	4231	274	5047	5258	5258.1	2006	2
5259	5.851153732	4518	270	5047	5259	5259.1	2006	1
5259	6.07519547	4518	270	5047	5259	5259.1	2006	2
5260	5.56809363	4227	270	5047	5260	5260.1	2006	2
5260	5.840319626	4227	270	5047	5260	5260.1	2006	1
5261	7.55356428	4231	270	5045	5261	5261.1	2006	2
5261	5.21625664	4231	270	5045	5261	5261.1	2006	1
5262	5.314916117	4254	226	5047	5262	5262.1	2006	1
5262	4.612735992	4254	226	5047	5262	5262.1	2006	2
5263	6.647606086	4459	226	5012	5263	5263.1	2006	2
5263	6.374062023	4459	226	5012	5263	5263.1	2006	1
5264	6.406246951	4503	226	5047	5264	5264.1	2006	1
5264	6.414670685	4503	226	5047	5264	5264.1	2006	2
5265	7.286128373	4490	245	5018	5265	5265.1	2006	2
5265	5.116248626	4490	245	5018	5265	5265.1	2006	1
